 1 	 3.0726891960948706
 2 	 2.9933181069791317
 3 	 2.6940597631037235
 4 	 1.7653661333024502
 5 	 2.6736568696796894
 6 	 2.1478631533682346
 7 	 2.2490664459764957
 8 	 0.9594003092497587
 9 	 1.0006258115172386
 10 	 0.9826839631423354
 11 	 0.8675490776076913
 12 	 2.5078185591846704
 13 	 1.2568982020020485
 14 	 0.9433483052998781
 15 	 0.8408101480454206
 16 	 0.8707860242575407
 17 	 1.1224469617009163
 18 	 1.2630524337291718
 19 	 1.415877377614379
 20 	 1.2927819564938545
 21 	 0.881623144261539
 22 	 1.4558102898299694
 23 	 0.9540168903768063
 24 	 1.0483013950288296
 25 	 1.43455071747303
 26 	 0.9210727140307426
 27 	 1.4063931815326214
 28 	 1.6478523202240467
 29 	 2.497039183974266
 30 	 2.4322289247065783
 31 	 1.9042767565697432
 32 	 1.444695247337222
 33 	 1.175688173621893
 34 	 1.4040568340569735
 35 	 2.1140462458133698
 36 	 2.3269627057015896
 37 	 1.3684323895722628
 38 	 0.8255305094644427
 39 	 0.8911351393908262
 40 	 0.6367624998092651
 41 	 0.9812296535819769
 42 	 0.9359817896038294
 43 	 0.8893923182040453
 44 	 0.8724077176302671
 45 	 1.8776980359107256
 46 	 1.336219809949398
 47 	 1.2986912690103054
 48 	 1.574858220294118
 49 	 0.8263747813180089
 50 	 0.7594492807984352
 51 	 0.8155215494334698
 52 	 0.8073751917108893
 53 	 1.1571283573284745
 54 	 1.795891148969531
 55 	 1.1890498995780945
 56 	 2.6176909152418375
 57 	 0.8377278130501509
 58 	 1.2632340118288994
 59 	 2.1556096877902746
 60 	 1.345271598547697
 61 	 2.11967802233994
 62 	 2.007169634103775
 63 	 1.7941141705960035
 64 	 2.184095688164234
 65 	 1.864661643281579
 66 	 2.3942590318620205
 67 	 2.98872622102499
